AGAMAK
0.42
0.99
0.08
0.99
1.0
0.01
0.0
0.0
0.0
0.0
1.0
0.99
0.05
1.0
0.23
0.95
0.98
0.96
1.0
0.99
0.06
1.0
1.0
0.99
0.96
0.03
1.0
1.0
0.06
0.81
0.75
0.71
0.04
0.99
0.89
1.0
0.11
1.0
0.1
0.03
1.0
0.0
0.99
1.0
0.04
0.05
1.0
0.11
0.84
0.12
0.13
0.0
0.0
0.0
1.0
1.0
0.16
0.08
0.41
0.9
0.99
0.0
0.0
0.9
0.29
0.13
1.0
1.0
0.99
0.95
0.06
0.09
0.23
1.0
0.84
0.99
0.01
0.07
1.0
1.0
0.04
1.0
0.87
0.99
0.32
1.0
0.04
1.0
0.08
1.0
0.93
0.8
0.12
0.01
1.0
0.06
1.0
0.03
0.4
1.0
0.06
0.08
0.7
1.0
1.0
0.82
0.02
0.98
1.0
0.01
0.79
0.12
0.67
0.01
0.93
1.0
0.0
0.0
0.07
0.81
0.01
0.98
0.38
0.76
0.05
0.07
1.0
0.03
0.04
0.34
0.1
0.04
0.03
0.65
0.0
1.0
0.89
1.0
0.0
0.97
1.0
0.93
0.04
1.0
0.99
0.84
0.04
1.0
0.92
0.01
0.98
0.06
1.0
0.99
0.97
0.06
1.0
0.05
1.0
0.04
1.0
0.16
1.0
0.12
0.46
0.02
0.11
0.04
1.0
1.0
0.98
0.93
0.02
0.02
0.91
1.0
0.98
0.72
0.99
0.01
0.0
0.99
0.18
0.12
0.06
1.0
0.82
0.99
1.0
0.08
0.99
0.45
1.0
0.0
0.91
0.19
0.0
0.0
1.0
1.0
0.95
0.99
0.01
0.99
0.02
0.13
1.0
0.0
1.0
0.15
0.91
0.06
1.0
1.0
0.05
0.03
0.76
0.01
1.0
0.07
0.88
0.73
0.01
0.99
0.0
0.05
0.99
0.75
0.11
0.55
0.0
0.05
1.0
0.01
0.02
0.0
0.02
0.98
0.06
0.9
0.93
0.25
0.0
0.0
0.0
0.59
0.8
0.34
1.0
1.0
0.72
1.0
1.0
0.04
0.99
0.05
1.0
0.93
0.06
1.0
1.0
0.02
0.01
0.45
0.02
1.0
0.01
1.0
1.0
0.54
0.02
0.0
0.66
0.66
0.0
0.0
0.01
0.92
1.0
0.99
0.98
0.96
0.01
1.0
0.02
0.17
0.06
0.96
0.02
1.0
0.0
0.12
0.4
0.99
0.02
1.0
0.91
0.53
1.0
0.3
1.0
1.0
0.1
0.1
0.01
0.14
0.0
0.8
0.36
0.83
1.0
1.0
0.0
0.01
0.77
1.0
0.0
0.0
1.0
0.17
0.0
0.11
0.99
0.06
0.91
0.0
0.87
0.75
0.09
0.07
0.93
0.09
0.0
0.69
0.0
1.0
0.99
0.27
0.99
1.0
1.0
0.99
0.51
0.06
0.01
0.66
1.0
1.0
1.0
0.05
0.98
0.04
0.98
0.04
0.03
0.04
1.0
1.0
0.79
0.6
1.0
1.0
0.98
0.2
0.99
0.0
0.28
0.99
0.02
0.99
0.03
0.02
0.65
0.79
0.03
0.04
0.0
1.0
1.0
0.0
0.86
1.0
1.0
0.16
0.64
0.01
0.03
0.53
0.8
0.41
0.06
1.0
0.99
0.0
0.03
0.02
1.0
0.01
0.64
1.0
0.95
1.0
0.0
1.0
0.98
0.26
0.01
0.29
0.24
0.34
0.01
0.97
0.04
0.01
0.52
1.0
0.5
0.07
0.01
0.0
1.0
0.99
1.0
0.05
1.0
0.0
1.0
1.0
0.01
0.27
0.55
0.0
0.03
0.84
0.08
0.96
1.0
1.0
1.0
1.0
0.05
0.1
0.0
0.99
0.98
0.99
0.75
0.0
0.09
0.01
0.07
0.99
0.04
0.94
0.37
0.92
0.03
0.0
1.0
0.05
0.02
0.9
0.6
0.1
0.96
0.86
1.0
0.02
0.99
0.01
1.0
0.0
0.06
0.97
1.0
1.0
1.0
0.01
0.04
0.96
0.96
0.74
0.05
0.0
1.0
0.89
0.05
0.86
1.0
0.04
0.0
0.77
0.79
0.03
0.0
1.0
0.85
0.99
0.98
0.06
0.73
0.99
0.02
0.01
0.48
0.09
0.01
0.91
0.16
0.97
0.01
1.0
0.97
0.01
0.0
0.01
0.05
0.04
0.01
0.02
0.14
0.0
0.45
1.0
0.67
0.01
0.18
1.0
0.63
1.0
0.14
0.12
0.93
0.14
0.69
0.97
0.14
1.0
0.0
0.91
0.09
0.89
0.0
0.03
0.09
0.01
0.99
1.0
1.0
0.97
0.99
0.03
0.08
0.0
0.93
0.02
0.98
0.93
0.02
0.98
0.94
1.0
0.97
0.0
0.0
0.98
0.07
0.02
0.03
0.1
0.9
0.92
0.06
0.99
0.97
0.18
0.99
0.51
1.0
0.0
0.01
0.0
0.03
0.31
0.78
0.01
0.07
0.0
1.0
0.99
1.0
0.05
0.16
0.01
0.04
0.94
0.12
0.91
1.0
0.03
0.45
0.91
0.0
0.8
0.01
0.05
0.0
0.22
1.0
0.97
0.43
1.0
1.0
0.0
0.99
0.02
0.02
0.06
0.01
0.64
0.01
0.23
0.03
0.16
1.0
0.87
1.0
0.04
0.02
0.07
0.06
1.0
0.83
0.08
1.0
1.0
0.0
1.0
0.99
1.0
0.13
0.99
0.18
0.58
0.57
0.01
0.0
0.8
0.08
1.0
0.0
0.08
0.1
0.95
0.01
0.01
0.11
0.09
0.0
0.99
1.0
1.0
0.99
0.05
0.08
0.01
1.0
0.01
0.04
1.0
0.04
0.13
1.0
0.99
0.09
0.04
0.14
1.0
0.08
0.9
0.02
0.82
0.17
1.0
0.99
0.0
0.97
0.36
1.0
0.87
1.0
0.03
1.0
1.0
0.01
0.01
0.04
0.04
0.99
0.07
0.98
0.0
0.0
1.0
0.05
0.12
0.78
0.98
0.09
0.05
1.0
1.0
0.1
0.07
1.0
0.03
0.05
0.0
0.02
1.0
1.0
1.0
1.0
0.96
1.0
0.76
0.01
0.13
1.0
0.02
1.0
0.89
1.0
0.78
0.03
0.17
0.12
1.0
1.0
0.92
0.01
0.04
0.07
0.12
1.0
0.02
1.0
0.0
0.99
0.01
0.12
0.94
0.02
1.0
0.0
0.86
1.0
0.0
0.98
0.84
0.66
0.33
1.0
0.15
1.0
0.95
0.08
1.0
0.02
0.61
0.02
0.06
0.75
1.0
0.02
1.0
0.0
0.85
1.0
0.02
0.0
0.19
0.25
0.03
0.05
0.92
0.04
0.12
0.0
0.0
0.02
0.01
0.99
0.05
1.0
0.04
0.91
0.95
0.0
0.94
0.09
0.94
0.0
0.25
0.0
0.93
1.0
0.79
0.03
0.07
0.06
1.0
0.12
1.0
0.98
0.78
0.01
0.0
0.0
1.0
0.81
0.6
1.0
0.98
0.03
0.02
1.0
0.04
0.19
1.0
0.01
1.0
0.02
0.77
1.0
0.97
0.0
0.0
0.01
1.0
0.95
0.31
0.0
1.0
0.8
0.99
0.1
0.0
1.0
0.0
0.05
0.02
0.75
0.0
1.0
0.02
0.11
0.99
1.0
1.0
0.03
0.94
0.0
0.16
0.01
0.81
0.98
0.02
0.99
0.95
1.0
0.02
0.09
1.0
0.0
0.81
0.11
0.03
1.0
0.48
0.02
0.01
0.13
0.95
0.84
0.64
0.01
0.99
0.84
1.0
0.0
0.72
0.95
0.64
0.2
0.57
0.86
0.1
0.25
0.0
0.03
0.01
0.0
0.1
1.0
0.42
0.02
0.15
0.69
0.34
0.98
0.99
0.63
0.91
0.0
0.0
0.12
0.02
1.0
1.0
0.93
1.0
0.86
0.02
1.0
0.35
0.96
0.11
0.05
0.01
0.01
0.02
0.0
0.05
0.99
0.07
0.97
0.97
0.92
0.03
0.0
0.42
0.02
1.0
0.0
0.99
0.2
0.96
0.03
1.0
0.59
0.71
0.26
0.0
1.0
0.93
0.02
1.0
0.99
0.98
0.14
1.0
0.0
0.99
0.96
0.0
0.97
1.0
1.0
0.05
0.23
0.99
0.16
1.0
0.0
0.03
0.0
0.92
0.79
0.99
0.98
0.85
0.05
0.89
0.01
0.03
1.0
1.0
1.0
0.2
0.01
0.99
0.05
0.95
0.05
0.09
0.74
0.98
0.01
0.01
