AGAMAK
50
60
74
83
88
139
214
246
267
291
297
319
348
391
455
467
495
518
554
557
576
657
729
732
756
761
796
880
906
1026
1030
1049
1071
1094
1128
1212
1225
1228
1236
1271
1277
1334
1371
1424
1462
1482
1504
1556
1567
1584
1592
1632
1638
1656
1705
1725
1755
1776
1794
1813
1827
1837
1861
1885
1891
1923
1935
1947
1995
2001
2007
2056
2069
2079
2099
2167
2222
2234
2244
2333
2353
2388
2448
2488
2498
2527
2617
2634
2655
2676
2714
2731
2740
2812
2830
2837
2848
2883
2893
2912
2919
2983
2996
3002
3011
3061
3065
3077
3084
3122
3146
3171
3301
3304
3315
3327
3331
3360
3404
3439
3468
3543
3594
3605
3642
3645
3656
3721
3725
3746
3755
3814
3837
3845
3851
3949
3956
3975
4023
4026
4058
4094
4109
4114
4158
4168
4183
4187
4224
4267
4279
4353
4369
4386
4409
4424
4466
4496
4502
4507
4510
4553
4575
4626
4690
4779
4835
4904
4925
4955
4963
4979
4991
